              precision    recall  f1-score   support

           A       0.07      0.81      0.12       331
           B       0.00      0.00      0.00       432
           C       0.00      0.00      0.00       310
           D       0.00      0.00      0.00       245
           E       0.00      0.00      0.00       498
           F       0.00      0.00      0.00       247
           G       0.06      0.53      0.11       348
           H       0.00      0.00      0.00       436
           I       0.00      0.00      0.00       288
           K       0.00      0.00      0.00       331
           L       1.00      0.00      0.01       209
           M       0.00      0.00      0.00       394
           N       0.00      0.00      0.00       291
           O       0.00      0.00      0.00       246
           P       0.34      0.05      0.08       347
           Q       0.00      0.00      0.00       164
           R       0.00      0.00      0.00       144
           S       0.00      0.00      0.00       246
           T       0.00      0.00      0.00       248
           U       0.00      0.00      0.00       266
           V       0.00      0.00      0.00       346
           W       0.73      0.04      0.07       206
           X       0.00      0.00      0.00       267
           Y       0.00      0.00      0.00       332

    accuracy                           0.07      7172
   macro avg       0.09      0.06      0.02      7172
weighted avg       0.07      0.07      0.02      7172