              precision    recall  f1-score   support

           A       0.17      0.05      0.07       331
           B       0.04      0.00      0.01       432
           C       0.03      0.01      0.02       310
           D       0.12      0.00      0.01       245
           E       0.13      0.05      0.07       498
           F       0.00      0.00      0.00       247
           G       0.06      0.01      0.01       348
           H       0.00      0.00      0.00       436
           I       0.05      0.01      0.02       288
           K       0.00      0.00      0.00       331
           L       0.00      0.00      0.00       209
           M       0.04      0.07      0.05       394
           N       0.06      0.14      0.08       291
           O       0.03      0.49      0.06       246
           P       0.00      0.00      0.00       347
           Q       0.00      0.00      0.00       164
           R       0.06      0.18      0.09       144
           S       0.00      0.00      0.00       246
           T       0.00      0.00      0.00       248
           U       0.04      0.01      0.01       266
           V       0.00      0.00      0.00       346
           W       0.06      0.01      0.02       206
           X       0.08      0.20      0.11       267
           Y       0.17      0.00      0.01       332

    accuracy                           0.04      7172
   macro avg       0.05      0.05      0.03      7172
weighted avg       0.05      0.04      0.03      7172